ISS
255, 0, 0
1 25544U 98067A   26139.81053377  .00005239  00000-0  10220-3 0  9992
2 25544  51.6327  80.5761 0007549  76.5627 283.6202 15.49275598567355
HST (HUBBLE)
248,227,58
1 20580U 90037B   21025.50000000  .00000452  00000-0  13000-4 0  9999
2 20580  28.4700 123.4567 0002345 234.5678 125.7890 15.12345678901234
METEOR M2-4
26,195,224
1 59051U 24039A   26139.20248365 -.00000011  00000-0  14550-4 0  9991
2 59051  98.6995  98.8680 0005935 251.6594 108.3939 14.22426215115145
METEOR M2-3
255, 182, 193
1 57166U 23091A   26140.62588990 -.00000019  00000-0  10509-4 0  9990
2 57166  98.6097 196.1653 0002885 241.7844 118.3044 14.24044145150590
GONEST-M 25
128, 128, 128
1 54152U 22139C   26140.61179737  .00000015  00000-0  40791-4 0  9999
2 54152  82.5072   5.1836 0019815 292.4449  67.4532 12.42889246162220
